{
 "cells": [
  {
   "cell_type": "code",
   "execution_count": 1,
   "id": "bf9d57a5",
   "metadata": {},
   "outputs": [],
   "source": [
    "import pandas as pd\n",
    "import numpy as np\n",
    "import sklearn as skl\n",
    "import matplotlib.pyplot as plt\n",
    "import matplotlib.figure as ff\n",
    "\n",
    "# importar librerias de preprocesamiento\n",
    "from sklearn import preprocessing\n",
    "from sklearn.preprocessing import StandardScaler\n",
    "from sklearn.tree import plot_tree\n",
    "from sklearn.metrics.pairwise import euclidean_distances\n",
    "\n",
    "# importar metricas\n",
    "from sklearn.metrics import classification_report\n",
    "from sklearn.metrics import confusion_matrix\n",
    "from sklearn.metrics import accuracy_score\n",
    "from sklearn.metrics import mean_absolute_error\n",
    "from sklearn.metrics import mean_squared_error\n",
    "from sklearn import metrics"
   ]
  },
  {
   "cell_type": "code",
   "execution_count": 2,
   "id": "3727751a",
   "metadata": {},
   "outputs": [
    {
     "data": {
      "text/html": [
       "<div>\n",
       "<style scoped>\n",
       "    .dataframe tbody tr th:only-of-type {\n",
       "        vertical-align: middle;\n",
       "    }\n",
       "\n",
       "    .dataframe tbody tr th {\n",
       "        vertical-align: top;\n",
       "    }\n",
       "\n",
       "    .dataframe thead th {\n",
       "        text-align: right;\n",
       "    }\n",
       "</style>\n",
       "<table border=\"1\" class=\"dataframe\">\n",
       "  <thead>\n",
       "    <tr style=\"text-align: right;\">\n",
       "      <th></th>\n",
       "      <th>province</th>\n",
       "      <th>gdp</th>\n",
       "      <th>illiteracy</th>\n",
       "      <th>poverty</th>\n",
       "      <th>deficient_infra</th>\n",
       "      <th>school_dropout</th>\n",
       "      <th>no_healthcare</th>\n",
       "      <th>birth_mortal</th>\n",
       "      <th>pop</th>\n",
       "      <th>movie_theatres_per_cap</th>\n",
       "      <th>doctors_per_cap</th>\n",
       "    </tr>\n",
       "  </thead>\n",
       "  <tbody>\n",
       "    <tr>\n",
       "      <th>0</th>\n",
       "      <td>Buenos Aires</td>\n",
       "      <td>2.926899e+08</td>\n",
       "      <td>1.383240</td>\n",
       "      <td>8.167798</td>\n",
       "      <td>5.511856</td>\n",
       "      <td>0.766168</td>\n",
       "      <td>48.7947</td>\n",
       "      <td>4.4</td>\n",
       "      <td>15625084</td>\n",
       "      <td>0.000006</td>\n",
       "      <td>0.004836</td>\n",
       "    </tr>\n",
       "    <tr>\n",
       "      <th>1</th>\n",
       "      <td>Catamarca</td>\n",
       "      <td>6.150949e+06</td>\n",
       "      <td>2.344140</td>\n",
       "      <td>9.234095</td>\n",
       "      <td>10.464484</td>\n",
       "      <td>0.951963</td>\n",
       "      <td>45.0456</td>\n",
       "      <td>1.5</td>\n",
       "      <td>367828</td>\n",
       "      <td>0.000005</td>\n",
       "      <td>0.004502</td>\n",
       "    </tr>\n",
       "    <tr>\n",
       "      <th>2</th>\n",
       "      <td>Córdoba</td>\n",
       "      <td>6.936374e+07</td>\n",
       "      <td>2.714140</td>\n",
       "      <td>5.382380</td>\n",
       "      <td>10.436086</td>\n",
       "      <td>1.035056</td>\n",
       "      <td>45.7640</td>\n",
       "      <td>4.8</td>\n",
       "      <td>3308876</td>\n",
       "      <td>0.000011</td>\n",
       "      <td>0.010175</td>\n",
       "    </tr>\n",
       "    <tr>\n",
       "      <th>3</th>\n",
       "      <td>Corrientes</td>\n",
       "      <td>7.968013e+06</td>\n",
       "      <td>NaN</td>\n",
       "      <td>12.747191</td>\n",
       "      <td>17.438858</td>\n",
       "      <td>3.864265</td>\n",
       "      <td>62.1103</td>\n",
       "      <td>5.9</td>\n",
       "      <td>992595</td>\n",
       "      <td>0.000004</td>\n",
       "      <td>0.004495</td>\n",
       "    </tr>\n",
       "    <tr>\n",
       "      <th>4</th>\n",
       "      <td>Chaco</td>\n",
       "      <td>9.832643e+06</td>\n",
       "      <td>7.517580</td>\n",
       "      <td>15.862619</td>\n",
       "      <td>31.479527</td>\n",
       "      <td>2.577462</td>\n",
       "      <td>65.5104</td>\n",
       "      <td>7.5</td>\n",
       "      <td>1055259</td>\n",
       "      <td>0.000003</td>\n",
       "      <td>0.003605</td>\n",
       "    </tr>\n",
       "    <tr>\n",
       "      <th>5</th>\n",
       "      <td>Chubut</td>\n",
       "      <td>1.774785e+07</td>\n",
       "      <td>1.548060</td>\n",
       "      <td>8.051752</td>\n",
       "      <td>8.044618</td>\n",
       "      <td>0.586309</td>\n",
       "      <td>39.5473</td>\n",
       "      <td>3.0</td>\n",
       "      <td>509108</td>\n",
       "      <td>0.000016</td>\n",
       "      <td>0.004498</td>\n",
       "    </tr>\n",
       "    <tr>\n",
       "      <th>6</th>\n",
       "      <td>Entre Ríos</td>\n",
       "      <td>2.074341e+07</td>\n",
       "      <td>3.185580</td>\n",
       "      <td>7.288751</td>\n",
       "      <td>18.794568</td>\n",
       "      <td>NaN</td>\n",
       "      <td>NaN</td>\n",
       "      <td>3.1</td>\n",
       "      <td>1235994</td>\n",
       "      <td>0.000006</td>\n",
       "      <td>0.004679</td>\n",
       "    </tr>\n",
       "    <tr>\n",
       "      <th>7</th>\n",
       "      <td>Formosa</td>\n",
       "      <td>3.807057e+06</td>\n",
       "      <td>4.610640</td>\n",
       "      <td>17.035583</td>\n",
       "      <td>28.004985</td>\n",
       "      <td>2.268974</td>\n",
       "      <td>65.8126</td>\n",
       "      <td>16.2</td>\n",
       "      <td>530162</td>\n",
       "      <td>0.000004</td>\n",
       "      <td>0.003440</td>\n",
       "    </tr>\n",
       "    <tr>\n",
       "      <th>8</th>\n",
       "      <td>Jujuy</td>\n",
       "      <td>NaN</td>\n",
       "      <td>2.151390</td>\n",
       "      <td>13.367965</td>\n",
       "      <td>12.483179</td>\n",
       "      <td>0.721295</td>\n",
       "      <td>54.1615</td>\n",
       "      <td>3.7</td>\n",
       "      <td>673307</td>\n",
       "      <td>0.000003</td>\n",
       "      <td>0.003958</td>\n",
       "    </tr>\n",
       "    <tr>\n",
       "      <th>9</th>\n",
       "      <td>La Pampa</td>\n",
       "      <td>6.990262e+06</td>\n",
       "      <td>1.539300</td>\n",
       "      <td>3.398774</td>\n",
       "      <td>16.505714</td>\n",
       "      <td>0.204093</td>\n",
       "      <td>45.4764</td>\n",
       "      <td>7.2</td>\n",
       "      <td>318951</td>\n",
       "      <td>0.000019</td>\n",
       "      <td>0.005415</td>\n",
       "    </tr>\n",
       "    <tr>\n",
       "      <th>10</th>\n",
       "      <td>La Rioja</td>\n",
       "      <td>5.590516e+06</td>\n",
       "      <td>2.773210</td>\n",
       "      <td>10.875152</td>\n",
       "      <td>7.403254</td>\n",
       "      <td>3.844949</td>\n",
       "      <td>40.8341</td>\n",
       "      <td>11.4</td>\n",
       "      <td>333642</td>\n",
       "      <td>0.000012</td>\n",
       "      <td>0.005092</td>\n",
       "    </tr>\n",
       "    <tr>\n",
       "      <th>11</th>\n",
       "      <td>Mendoza</td>\n",
       "      <td>3.343137e+07</td>\n",
       "      <td>2.200200</td>\n",
       "      <td>5.692798</td>\n",
       "      <td>3.839852</td>\n",
       "      <td>NaN</td>\n",
       "      <td>50.5843</td>\n",
       "      <td>4.4</td>\n",
       "      <td>1738929</td>\n",
       "      <td>0.000008</td>\n",
       "      <td>0.005720</td>\n",
       "    </tr>\n",
       "    <tr>\n",
       "      <th>12</th>\n",
       "      <td>Misiones</td>\n",
       "      <td>9.646826e+06</td>\n",
       "      <td>6.863950</td>\n",
       "      <td>13.529788</td>\n",
       "      <td>8.325740</td>\n",
       "      <td>3.129124</td>\n",
       "      <td>57.8339</td>\n",
       "      <td>8.1</td>\n",
       "      <td>1101593</td>\n",
       "      <td>0.000002</td>\n",
       "      <td>0.002880</td>\n",
       "    </tr>\n",
       "    <tr>\n",
       "      <th>13</th>\n",
       "      <td>Neuquén</td>\n",
       "      <td>2.256411e+07</td>\n",
       "      <td>1.943750</td>\n",
       "      <td>9.456635</td>\n",
       "      <td>11.267278</td>\n",
       "      <td>1.393504</td>\n",
       "      <td>48.7431</td>\n",
       "      <td>3.3</td>\n",
       "      <td>551266</td>\n",
       "      <td>0.000009</td>\n",
       "      <td>0.005067</td>\n",
       "    </tr>\n",
       "    <tr>\n",
       "      <th>14</th>\n",
       "      <td>Río Negro</td>\n",
       "      <td>NaN</td>\n",
       "      <td>NaN</td>\n",
       "      <td>8.678391</td>\n",
       "      <td>14.885444</td>\n",
       "      <td>0.408042</td>\n",
       "      <td>49.9463</td>\n",
       "      <td>0.8</td>\n",
       "      <td>638645</td>\n",
       "      <td>0.000009</td>\n",
       "      <td>0.004898</td>\n",
       "    </tr>\n",
       "    <tr>\n",
       "      <th>15</th>\n",
       "      <td>Salta</td>\n",
       "      <td>1.343883e+07</td>\n",
       "      <td>3.346090</td>\n",
       "      <td>16.870500</td>\n",
       "      <td>14.182303</td>\n",
       "      <td>1.482030</td>\n",
       "      <td>NaN</td>\n",
       "      <td>5.8</td>\n",
       "      <td>1214441</td>\n",
       "      <td>0.000004</td>\n",
       "      <td>0.003991</td>\n",
       "    </tr>\n",
       "    <tr>\n",
       "      <th>16</th>\n",
       "      <td>San Juan</td>\n",
       "      <td>8.262309e+06</td>\n",
       "      <td>2.963260</td>\n",
       "      <td>9.050784</td>\n",
       "      <td>3.914390</td>\n",
       "      <td>3.298413</td>\n",
       "      <td>52.9684</td>\n",
       "      <td>4.2</td>\n",
       "      <td>681055</td>\n",
       "      <td>0.000006</td>\n",
       "      <td>0.005044</td>\n",
       "    </tr>\n",
       "    <tr>\n",
       "      <th>17</th>\n",
       "      <td>San Luis</td>\n",
       "      <td>1.178085e+07</td>\n",
       "      <td>3.433650</td>\n",
       "      <td>6.593771</td>\n",
       "      <td>9.679894</td>\n",
       "      <td>2.000172</td>\n",
       "      <td>51.6154</td>\n",
       "      <td>3.8</td>\n",
       "      <td>432310</td>\n",
       "      <td>0.000005</td>\n",
       "      <td>0.006102</td>\n",
       "    </tr>\n",
       "    <tr>\n",
       "      <th>18</th>\n",
       "      <td>Santa Cruz</td>\n",
       "      <td>1.166374e+07</td>\n",
       "      <td>0.791485</td>\n",
       "      <td>8.024762</td>\n",
       "      <td>7.411364</td>\n",
       "      <td>0.289262</td>\n",
       "      <td>29.2321</td>\n",
       "      <td>3.3</td>\n",
       "      <td>273964</td>\n",
       "      <td>0.000011</td>\n",
       "      <td>0.004271</td>\n",
       "    </tr>\n",
       "    <tr>\n",
       "      <th>19</th>\n",
       "      <td>Santa Fe</td>\n",
       "      <td>8.158869e+07</td>\n",
       "      <td>1.975940</td>\n",
       "      <td>6.081012</td>\n",
       "      <td>11.869195</td>\n",
       "      <td>2.872181</td>\n",
       "      <td>41.9660</td>\n",
       "      <td>2.6</td>\n",
       "      <td>3194537</td>\n",
       "      <td>0.000007</td>\n",
       "      <td>0.006672</td>\n",
       "    </tr>\n",
       "    <tr>\n",
       "      <th>20</th>\n",
       "      <td>Santiago del Estero</td>\n",
       "      <td>8.387859e+06</td>\n",
       "      <td>6.272090</td>\n",
       "      <td>11.759000</td>\n",
       "      <td>20.491433</td>\n",
       "      <td>2.325598</td>\n",
       "      <td>63.6637</td>\n",
       "      <td>1.7</td>\n",
       "      <td>874006</td>\n",
       "      <td>0.000003</td>\n",
       "      <td>0.002821</td>\n",
       "    </tr>\n",
       "    <tr>\n",
       "      <th>21</th>\n",
       "      <td>Tucumán</td>\n",
       "      <td>1.385620e+07</td>\n",
       "      <td>3.770370</td>\n",
       "      <td>11.214239</td>\n",
       "      <td>6.466665</td>\n",
       "      <td>0.977285</td>\n",
       "      <td>48.2242</td>\n",
       "      <td>3.0</td>\n",
       "      <td>1448188</td>\n",
       "      <td>0.000005</td>\n",
       "      <td>0.005501</td>\n",
       "    </tr>\n",
       "  </tbody>\n",
       "</table>\n",
       "</div>"
      ],
      "text/plain": [
       "               province           gdp  illiteracy    poverty  deficient_infra  \\\n",
       "0          Buenos Aires  2.926899e+08    1.383240   8.167798         5.511856   \n",
       "1             Catamarca  6.150949e+06    2.344140   9.234095        10.464484   \n",
       "2               Córdoba  6.936374e+07    2.714140   5.382380        10.436086   \n",
       "3            Corrientes  7.968013e+06         NaN  12.747191        17.438858   \n",
       "4                 Chaco  9.832643e+06    7.517580  15.862619        31.479527   \n",
       "5                Chubut  1.774785e+07    1.548060   8.051752         8.044618   \n",
       "6            Entre Ríos  2.074341e+07    3.185580   7.288751        18.794568   \n",
       "7               Formosa  3.807057e+06    4.610640  17.035583        28.004985   \n",
       "8                 Jujuy           NaN    2.151390  13.367965        12.483179   \n",
       "9              La Pampa  6.990262e+06    1.539300   3.398774        16.505714   \n",
       "10             La Rioja  5.590516e+06    2.773210  10.875152         7.403254   \n",
       "11              Mendoza  3.343137e+07    2.200200   5.692798         3.839852   \n",
       "12             Misiones  9.646826e+06    6.863950  13.529788         8.325740   \n",
       "13              Neuquén  2.256411e+07    1.943750   9.456635        11.267278   \n",
       "14            Río Negro           NaN         NaN   8.678391        14.885444   \n",
       "15                Salta  1.343883e+07    3.346090  16.870500        14.182303   \n",
       "16             San Juan  8.262309e+06    2.963260   9.050784         3.914390   \n",
       "17             San Luis  1.178085e+07    3.433650   6.593771         9.679894   \n",
       "18           Santa Cruz  1.166374e+07    0.791485   8.024762         7.411364   \n",
       "19             Santa Fe  8.158869e+07    1.975940   6.081012        11.869195   \n",
       "20  Santiago del Estero  8.387859e+06    6.272090  11.759000        20.491433   \n",
       "21              Tucumán  1.385620e+07    3.770370  11.214239         6.466665   \n",
       "\n",
       "    school_dropout  no_healthcare  birth_mortal       pop  \\\n",
       "0         0.766168        48.7947           4.4  15625084   \n",
       "1         0.951963        45.0456           1.5    367828   \n",
       "2         1.035056        45.7640           4.8   3308876   \n",
       "3         3.864265        62.1103           5.9    992595   \n",
       "4         2.577462        65.5104           7.5   1055259   \n",
       "5         0.586309        39.5473           3.0    509108   \n",
       "6              NaN            NaN           3.1   1235994   \n",
       "7         2.268974        65.8126          16.2    530162   \n",
       "8         0.721295        54.1615           3.7    673307   \n",
       "9         0.204093        45.4764           7.2    318951   \n",
       "10        3.844949        40.8341          11.4    333642   \n",
       "11             NaN        50.5843           4.4   1738929   \n",
       "12        3.129124        57.8339           8.1   1101593   \n",
       "13        1.393504        48.7431           3.3    551266   \n",
       "14        0.408042        49.9463           0.8    638645   \n",
       "15        1.482030            NaN           5.8   1214441   \n",
       "16        3.298413        52.9684           4.2    681055   \n",
       "17        2.000172        51.6154           3.8    432310   \n",
       "18        0.289262        29.2321           3.3    273964   \n",
       "19        2.872181        41.9660           2.6   3194537   \n",
       "20        2.325598        63.6637           1.7    874006   \n",
       "21        0.977285        48.2242           3.0   1448188   \n",
       "\n",
       "    movie_theatres_per_cap  doctors_per_cap  \n",
       "0                 0.000006         0.004836  \n",
       "1                 0.000005         0.004502  \n",
       "2                 0.000011         0.010175  \n",
       "3                 0.000004         0.004495  \n",
       "4                 0.000003         0.003605  \n",
       "5                 0.000016         0.004498  \n",
       "6                 0.000006         0.004679  \n",
       "7                 0.000004         0.003440  \n",
       "8                 0.000003         0.003958  \n",
       "9                 0.000019         0.005415  \n",
       "10                0.000012         0.005092  \n",
       "11                0.000008         0.005720  \n",
       "12                0.000002         0.002880  \n",
       "13                0.000009         0.005067  \n",
       "14                0.000009         0.004898  \n",
       "15                0.000004         0.003991  \n",
       "16                0.000006         0.005044  \n",
       "17                0.000005         0.006102  \n",
       "18                0.000011         0.004271  \n",
       "19                0.000007         0.006672  \n",
       "20                0.000003         0.002821  \n",
       "21                0.000005         0.005501  "
      ]
     },
     "execution_count": 2,
     "metadata": {},
     "output_type": "execute_result"
    }
   ],
   "source": [
    "#TRAEMOS EL ARCHIVO EXCEL A UN DATAFRAME DE PANDAS\n",
    "df = pd.read_excel(\"Tabla_GDP_1parcial.xlsx\")\n",
    "df"
   ]
  },
  {
   "cell_type": "code",
   "execution_count": 3,
   "id": "808cf64b",
   "metadata": {},
   "outputs": [
    {
     "data": {
      "text/plain": [
       "province                  0\n",
       "gdp                       2\n",
       "illiteracy                2\n",
       "poverty                   0\n",
       "deficient_infra           0\n",
       "school_dropout            2\n",
       "no_healthcare             2\n",
       "birth_mortal              0\n",
       "pop                       0\n",
       "movie_theatres_per_cap    0\n",
       "doctors_per_cap           0\n",
       "dtype: int64"
      ]
     },
     "execution_count": 3,
     "metadata": {},
     "output_type": "execute_result"
    }
   ],
   "source": [
    "#ANALIZAMOS VALORES NULOS\n",
    "df.isnull().sum()"
   ]
  },
  {
   "cell_type": "code",
   "execution_count": 4,
   "id": "faae5f65",
   "metadata": {},
   "outputs": [
    {
     "name": "stdout",
     "output_type": "stream",
     "text": [
      "La media es: 1.75 y la mediana: 1.44\n"
     ]
    }
   ],
   "source": [
    "#ANALIZAMOS QUE MEDIDA DE TENDENCIA CENTRAL VAMOS A USAR PARA IMPUTAR LOS VALORES NULOS\n",
    "school_media = df[\"school_dropout\"].mean()\n",
    "school_mediana = df[\"school_dropout\"].median()\n",
    "print(f\"La media es: {round(school_media, 2)} y la mediana: {round(school_mediana, 2)}\")"
   ]
  },
  {
   "cell_type": "code",
   "execution_count": 5,
   "id": "2c835a6b",
   "metadata": {},
   "outputs": [
    {
     "name": "stdout",
     "output_type": "stream",
     "text": [
      "La media es: 3.17 y la mediana: 2.74\n"
     ]
    }
   ],
   "source": [
    "illiteracy_media = df[\"illiteracy\"].mean()\n",
    "illiteracy_mediana = df[\"illiteracy\"].median()\n",
    "print(f\"La media es: {round(illiteracy_media, 2)} y la mediana: {round(illiteracy_mediana, 2)}\")"
   ]
  },
  {
   "cell_type": "code",
   "execution_count": 6,
   "id": "8a4fd7f5",
   "metadata": {},
   "outputs": [
    {
     "name": "stderr",
     "output_type": "stream",
     "text": [
      "C:\\Users\\kemer\\AppData\\Local\\Temp\\ipykernel_21400\\1160651256.py:5: FutureWarning: A value is trying to be set on a copy of a DataFrame or Series through chained assignment using an inplace method.\n",
      "The behavior will change in pandas 3.0. This inplace method will never work because the intermediate object on which we are setting values always behaves as a copy.\n",
      "\n",
      "For example, when doing 'df[col].method(value, inplace=True)', try using 'df.method({col: value}, inplace=True)' or df[col] = df[col].method(value) instead, to perform the operation inplace on the original object.\n",
      "\n",
      "\n",
      "  df[\"school_dropout\"].fillna(school_mediana, inplace= True)\n",
      "C:\\Users\\kemer\\AppData\\Local\\Temp\\ipykernel_21400\\1160651256.py:6: FutureWarning: A value is trying to be set on a copy of a DataFrame or Series through chained assignment using an inplace method.\n",
      "The behavior will change in pandas 3.0. This inplace method will never work because the intermediate object on which we are setting values always behaves as a copy.\n",
      "\n",
      "For example, when doing 'df[col].method(value, inplace=True)', try using 'df.method({col: value}, inplace=True)' or df[col] = df[col].method(value) instead, to perform the operation inplace on the original object.\n",
      "\n",
      "\n",
      "  df[\"illiteracy\"].fillna(illiteracy_mediana, inplace= True)\n"
     ]
    }
   ],
   "source": [
    "#MANEJO DE VALORES NULOS: IMPUTACIÓN POR LA MEDIANA, CONSIDERAMOS QUE ES LA MEJOR MEDIDA DE TENDENCIA CENTRAL EN ESTE CASO\n",
    "school_mediana = df[\"school_dropout\"].median()\n",
    "illiteracy_mediana = df[\"illiteracy\"].median()\n",
    "\n",
    "df[\"school_dropout\"].fillna(school_mediana, inplace= True)\n",
    "df[\"illiteracy\"].fillna(illiteracy_mediana, inplace= True)"
   ]
  },
  {
   "cell_type": "code",
   "execution_count": 7,
   "id": "be0b7f15",
   "metadata": {},
   "outputs": [],
   "source": [
    "#ESTANDARIZAMOS LAS VARIABLES\n",
    "scaler = StandardScaler()\n",
    "df[[\"z_school_dropout\", \"z_illiteracy\", \"z_doctors_per_cap\"]] = scaler.fit_transform(df[[\"school_dropout\", \"illiteracy\", \"doctors_per_cap\"]])"
   ]
  },
  {
   "cell_type": "code",
   "execution_count": 8,
   "id": "fc413ab8",
   "metadata": {},
   "outputs": [
    {
     "data": {
      "text/html": [
       "<div>\n",
       "<style scoped>\n",
       "    .dataframe tbody tr th:only-of-type {\n",
       "        vertical-align: middle;\n",
       "    }\n",
       "\n",
       "    .dataframe tbody tr th {\n",
       "        vertical-align: top;\n",
       "    }\n",
       "\n",
       "    .dataframe thead th {\n",
       "        text-align: right;\n",
       "    }\n",
       "</style>\n",
       "<table border=\"1\" class=\"dataframe\">\n",
       "  <thead>\n",
       "    <tr style=\"text-align: right;\">\n",
       "      <th></th>\n",
       "      <th>z_school_dropout</th>\n",
       "      <th>z_illiteracy</th>\n",
       "      <th>z_doctors_per_cap</th>\n",
       "    </tr>\n",
       "  </thead>\n",
       "  <tbody>\n",
       "    <tr>\n",
       "      <th>0</th>\n",
       "      <td>-0.853003</td>\n",
       "      <td>-1.013730</td>\n",
       "      <td>-0.039069</td>\n",
       "    </tr>\n",
       "    <tr>\n",
       "      <th>1</th>\n",
       "      <td>-0.687099</td>\n",
       "      <td>-0.455425</td>\n",
       "      <td>-0.263350</td>\n",
       "    </tr>\n",
       "    <tr>\n",
       "      <th>2</th>\n",
       "      <td>-0.612902</td>\n",
       "      <td>-0.240447</td>\n",
       "      <td>3.551749</td>\n",
       "    </tr>\n",
       "    <tr>\n",
       "      <th>3</th>\n",
       "      <td>1.913420</td>\n",
       "      <td>-0.223286</td>\n",
       "      <td>-0.267934</td>\n",
       "    </tr>\n",
       "    <tr>\n",
       "      <th>4</th>\n",
       "      <td>0.764379</td>\n",
       "      <td>2.550462</td>\n",
       "      <td>-0.866760</td>\n",
       "    </tr>\n",
       "    <tr>\n",
       "      <th>5</th>\n",
       "      <td>-1.013607</td>\n",
       "      <td>-0.917966</td>\n",
       "      <td>-0.266068</td>\n",
       "    </tr>\n",
       "    <tr>\n",
       "      <th>6</th>\n",
       "      <td>-0.253304</td>\n",
       "      <td>0.033471</td>\n",
       "      <td>-0.144510</td>\n",
       "    </tr>\n",
       "    <tr>\n",
       "      <th>7</th>\n",
       "      <td>0.488917</td>\n",
       "      <td>0.861463</td>\n",
       "      <td>-0.977277</td>\n",
       "    </tr>\n",
       "    <tr>\n",
       "      <th>8</th>\n",
       "      <td>-0.893073</td>\n",
       "      <td>-0.567417</td>\n",
       "      <td>-0.629194</td>\n",
       "    </tr>\n",
       "    <tr>\n",
       "      <th>9</th>\n",
       "      <td>-1.354904</td>\n",
       "      <td>-0.923056</td>\n",
       "      <td>0.350293</td>\n",
       "    </tr>\n",
       "    <tr>\n",
       "      <th>10</th>\n",
       "      <td>1.896172</td>\n",
       "      <td>-0.206126</td>\n",
       "      <td>0.133529</td>\n",
       "    </tr>\n",
       "    <tr>\n",
       "      <th>11</th>\n",
       "      <td>-0.253304</td>\n",
       "      <td>-0.539058</td>\n",
       "      <td>0.555776</td>\n",
       "    </tr>\n",
       "    <tr>\n",
       "      <th>12</th>\n",
       "      <td>1.256982</td>\n",
       "      <td>2.170688</td>\n",
       "      <td>-1.353917</td>\n",
       "    </tr>\n",
       "    <tr>\n",
       "      <th>13</th>\n",
       "      <td>-0.292828</td>\n",
       "      <td>-0.688061</td>\n",
       "      <td>0.116203</td>\n",
       "    </tr>\n",
       "    <tr>\n",
       "      <th>14</th>\n",
       "      <td>-1.172789</td>\n",
       "      <td>-0.223286</td>\n",
       "      <td>0.002791</td>\n",
       "    </tr>\n",
       "    <tr>\n",
       "      <th>15</th>\n",
       "      <td>-0.213779</td>\n",
       "      <td>0.126731</td>\n",
       "      <td>-0.606961</td>\n",
       "    </tr>\n",
       "    <tr>\n",
       "      <th>16</th>\n",
       "      <td>1.408146</td>\n",
       "      <td>-0.095702</td>\n",
       "      <td>0.100821</td>\n",
       "    </tr>\n",
       "    <tr>\n",
       "      <th>17</th>\n",
       "      <td>0.248892</td>\n",
       "      <td>0.177605</td>\n",
       "      <td>0.812602</td>\n",
       "    </tr>\n",
       "    <tr>\n",
       "      <th>18</th>\n",
       "      <td>-1.278853</td>\n",
       "      <td>-1.357553</td>\n",
       "      <td>-0.419007</td>\n",
       "    </tr>\n",
       "    <tr>\n",
       "      <th>19</th>\n",
       "      <td>1.027546</td>\n",
       "      <td>-0.669358</td>\n",
       "      <td>1.195642</td>\n",
       "    </tr>\n",
       "    <tr>\n",
       "      <th>20</th>\n",
       "      <td>0.539479</td>\n",
       "      <td>1.826804</td>\n",
       "      <td>-1.393514</td>\n",
       "    </tr>\n",
       "    <tr>\n",
       "      <th>21</th>\n",
       "      <td>-0.664488</td>\n",
       "      <td>0.373247</td>\n",
       "      <td>0.408154</td>\n",
       "    </tr>\n",
       "  </tbody>\n",
       "</table>\n",
       "</div>"
      ],
      "text/plain": [
       "    z_school_dropout  z_illiteracy  z_doctors_per_cap\n",
       "0          -0.853003     -1.013730          -0.039069\n",
       "1          -0.687099     -0.455425          -0.263350\n",
       "2          -0.612902     -0.240447           3.551749\n",
       "3           1.913420     -0.223286          -0.267934\n",
       "4           0.764379      2.550462          -0.866760\n",
       "5          -1.013607     -0.917966          -0.266068\n",
       "6          -0.253304      0.033471          -0.144510\n",
       "7           0.488917      0.861463          -0.977277\n",
       "8          -0.893073     -0.567417          -0.629194\n",
       "9          -1.354904     -0.923056           0.350293\n",
       "10          1.896172     -0.206126           0.133529\n",
       "11         -0.253304     -0.539058           0.555776\n",
       "12          1.256982      2.170688          -1.353917\n",
       "13         -0.292828     -0.688061           0.116203\n",
       "14         -1.172789     -0.223286           0.002791\n",
       "15         -0.213779      0.126731          -0.606961\n",
       "16          1.408146     -0.095702           0.100821\n",
       "17          0.248892      0.177605           0.812602\n",
       "18         -1.278853     -1.357553          -0.419007\n",
       "19          1.027546     -0.669358           1.195642\n",
       "20          0.539479      1.826804          -1.393514\n",
       "21         -0.664488      0.373247           0.408154"
      ]
     },
     "execution_count": 8,
     "metadata": {},
     "output_type": "execute_result"
    }
   ],
   "source": [
    "#DEFINICIÓN DE VARIABLES PARA NUESTRO CLÚSTER\n",
    "X_clustering = pd.DataFrame(df, columns = [\"z_school_dropout\", \"z_illiteracy\", \"z_doctors_per_cap\"], dtype=float)\n",
    "X_clustering"
   ]
  },
  {
   "cell_type": "code",
   "execution_count": 9,
   "id": "64f1a45e",
   "metadata": {},
   "outputs": [
    {
     "data": {
      "text/plain": [
       "array([[0.        , 0.62412376, 3.68097679, 2.88622199, 4.00055716,\n",
       "        0.29409624, 1.21135719, 2.48944383, 0.74097744, 0.64166141,\n",
       "        2.8705364 , 0.96891338, 4.03997214, 0.66630734, 0.85370772,\n",
       "        1.42539767, 2.44441009, 1.83270191, 0.66626965, 2.27586589,\n",
       "        3.44124342, 1.4694394 ],\n",
       "       [0.62412376, 0.        , 3.82187154, 2.61086353, 3.39208576,\n",
       "        0.56617892, 0.66431931, 1.90444163, 0.43452148, 1.02039206,\n",
       "        2.62544334, 0.9306661 , 3.4445976 , 0.59466725, 0.60051186,\n",
       "        0.82523032, 2.15686663, 1.56028205, 1.09006272, 2.26151045,\n",
       "        2.82671717, 1.06683046],\n",
       "       [3.68097679, 3.82187154, 0.        , 4.5795825 , 5.40456198,\n",
       "        3.89811744, 3.72379838, 4.78960138, 4.20305681, 3.35646224,\n",
       "        4.2403842 , 3.03221631, 5.77716087, 3.47933654, 3.59289206,\n",
       "        4.19392258, 4.00181121, 2.90178907, 4.1783156 , 2.90280443,\n",
       "        5.48243819, 3.20335262],\n",
       "       [2.88622199, 2.61086353, 4.5795825 , 0.        , 3.06146465,\n",
       "        3.0083332 , 2.1853719 , 1.92589154, 2.85049756, 3.39909146,\n",
       "        0.40219973, 2.33942345, 2.70949824, 2.28716169, 3.09806061,\n",
       "        2.18229906, 0.63840368, 2.02458061, 3.39116359, 1.76799544,\n",
       "        2.71247363, 2.73103609],\n",
       "       [4.00055716, 3.39208576, 5.40456198, 3.06146465, 0.        ,\n",
       "        3.94360902, 2.80937101, 1.71487886, 3.53903263, 4.24710469,\n",
       "        3.14329577, 3.55026953, 0.79006816, 3.54569181, 3.49319543,\n",
       "        2.6265492 , 2.89012675, 2.95236046, 4.43259035, 3.83275277,\n",
       "        0.92289279, 2.89953955],\n",
       "       [0.29409624, 0.56617892, 3.89811744, 3.0083332 , 3.94360902,\n",
       "        0.        , 1.22395583, 2.43511016, 0.51891544, 0.70456407,\n",
       "        3.02211956, 1.18197201, 3.98481703, 0.84764872, 0.76171099,\n",
       "        1.35916245, 2.58372057, 1.98939873, 0.53570799, 2.52283605,\n",
       "        3.34917415, 1.49789511],\n",
       "       [1.21135719, 0.66431931, 3.72379838, 2.1853719 , 2.80937101,\n",
       "        1.22395583, 0.        , 1.38923079, 1.00264071, 1.54055037,\n",
       "        2.18058704, 0.90453801, 2.88293636, 0.76820661, 0.96595801,\n",
       "        0.47341338, 1.68442573, 1.09043124, 1.7498704 , 1.98256158,\n",
       "        2.32477018, 0.7680877 ],\n",
       "       [2.48944383, 1.90444163, 4.78960138, 1.92589154, 1.71487886,\n",
       "        2.43511016, 1.38923079, 0.        , 2.01810684, 2.88905213,\n",
       "        2.08662491, 2.20513   , 1.56392154, 2.0513037 , 2.21325071,\n",
       "        1.08201067, 1.70980785, 1.93104646, 2.89148862, 2.71203015,\n",
       "        1.05246953, 1.86764988],\n",
       "       [0.74097744, 0.43452148, 4.20305681, 2.85049756, 3.53903263,\n",
       "        0.51891544, 1.00264071, 2.01810684, 0.        , 1.13980765,\n",
       "        2.91413186, 1.34694483, 3.55600556, 0.96460567, 0.7720568 ,\n",
       "        0.9714808 , 2.45988723, 1.98441869, 0.90405716, 2.65126194,\n",
       "        2.8928674 , 1.41886973],\n",
       "       [0.64166141, 1.02039206, 3.35646224, 3.39909146, 4.24710469,\n",
       "        0.70456407, 1.54055037, 2.88905213, 1.13980765, 0.        ,\n",
       "        3.33623585, 1.18456718, 4.3928947 , 1.11266574, 0.80224754,\n",
       "        1.82223812, 2.8950295 , 1.99933589, 0.88678933, 2.54067707,\n",
       "        3.76713062, 1.46983745],\n",
       "       [2.8705364 , 2.62544334, 4.2403842 , 0.40219973, 3.14329577,\n",
       "        3.02211956, 2.18058704, 2.08662491, 2.91413186, 3.33623585,\n",
       "        0.        , 2.21571283, 2.87581314, 2.24149167, 3.0717928 ,\n",
       "        2.26075542, 0.50143031, 1.82261404, 3.4222602 , 1.44816427,\n",
       "        2.8818881 , 2.63971077],\n",
       "       [0.96891338, 0.9306661 , 3.03221631, 2.33942345, 3.55026953,\n",
       "        1.18197201, 0.90453801, 2.20513   , 1.34694483, 1.18456718,\n",
       "        2.21571283, 0.        , 3.64288428, 0.46582008, 1.11846192,\n",
       "        1.34044492, 1.77875376, 0.91201212, 1.63459069, 1.4377002 ,\n",
       "        3.16631207, 1.0115158 ],\n",
       "       [4.03997214, 3.4445976 , 5.77716087, 2.70949824, 0.79006816,\n",
       "        3.98481703, 2.88293636, 1.56392154, 3.55600556, 4.3928947 ,\n",
       "        2.87581314, 3.64288428, 0.        , 3.56869798, 3.67090606,\n",
       "        2.62656448, 2.69733853, 3.11165994, 4.44443417, 3.82344699,\n",
       "        0.79663971, 3.16665951],\n",
       "       [0.66630734, 0.59466725, 3.47933654, 2.28716169, 3.54569181,\n",
       "        0.84764872, 0.76820661, 2.0513037 , 0.96460567, 1.11266574,\n",
       "        2.24149167, 0.46582008, 3.56869798, 0.        , 1.00160323,\n",
       "        1.09229117, 1.80123296, 1.23604644, 1.30648913, 1.70555706,\n",
       "        3.04901989, 1.16178367],\n",
       "       [0.85370772, 0.60051186, 3.59289206, 3.09806061, 3.49319543,\n",
       "        0.76171099, 0.96595801, 2.21325071, 0.7720568 , 0.80224754,\n",
       "        3.0717928 , 1.11846192, 3.67090606, 1.00160323, 0.        ,\n",
       "        1.18912089, 2.58594586, 1.68454335, 1.214794  , 2.54231114,\n",
       "        3.01403299, 0.8823501 ],\n",
       "       [1.42539767, 0.82523032, 4.19392258, 2.18229906, 2.6265492 ,\n",
       "        1.35916245, 0.47341338, 1.08201067, 0.9714808 , 1.82223812,\n",
       "        2.26075542, 1.34044492, 2.62656448, 1.09229117, 1.18912089,\n",
       "        0.        , 1.78355684, 1.49392553, 1.83652016, 2.32895278,\n",
       "        2.01898755, 1.13770288],\n",
       "       [2.44441009, 2.15686663, 4.00181121, 0.63840368, 2.89012675,\n",
       "        2.58372057, 1.68442573, 1.70980785, 2.45988723, 2.8950295 ,\n",
       "        0.50143031, 1.77875376, 2.69733853, 1.80123296, 2.58594586,\n",
       "        1.78355684, 0.        , 1.38751606, 3.01371083, 1.29327906,\n",
       "        2.58527529, 2.14713324],\n",
       "       [1.83270191, 1.56028205, 2.90178907, 2.02458061, 2.95236046,\n",
       "        1.98939873, 1.09043124, 1.93104646, 1.98441869, 1.99933589,\n",
       "        1.82261404, 0.91201212, 3.11165994, 1.23604644, 1.68454335,\n",
       "        1.49392553, 1.38751606, 0.        , 2.49150093, 1.21258661,\n",
       "        2.76970129, 1.01789843],\n",
       "       [0.66626965, 1.09006272, 4.1783156 , 3.39116359, 4.43259035,\n",
       "        0.53570799, 1.7498704 , 2.89148862, 0.90405716, 0.88678933,\n",
       "        3.4222602 , 1.63459069, 4.44443417, 1.30648913, 1.214794  ,\n",
       "        1.83652016, 3.01371083, 2.49150093, 0.        , 2.89830577,\n",
       "        3.79422189, 2.01427645],\n",
       "       [2.27586589, 2.26151045, 2.90280443, 1.76799544, 3.83275277,\n",
       "        2.52283605, 1.98256158, 2.71203015, 2.65126194, 2.54067707,\n",
       "        1.44816427, 1.4377002 , 3.82344699, 1.70555706, 2.54231114,\n",
       "        2.32895278, 1.29327906, 1.21258661, 2.89830577, 0.        ,\n",
       "        3.62942932, 2.13778824],\n",
       "       [3.44124342, 2.82671717, 5.48243819, 2.71247363, 0.92289279,\n",
       "        3.34917415, 2.32477018, 1.05246953, 2.8928674 , 3.76713062,\n",
       "        2.8818881 , 3.16631207, 0.79663971, 3.04901989, 3.01403299,\n",
       "        2.01898755, 2.58527529, 2.76970129, 3.79422189, 3.62942932,\n",
       "        0.        , 2.60928543],\n",
       "       [1.4694394 , 1.06683046, 3.20335262, 2.73103609, 2.89953955,\n",
       "        1.49789511, 0.7680877 , 1.86764988, 1.41886973, 1.46983745,\n",
       "        2.63971077, 1.0115158 , 3.16665951, 1.16178367, 0.8823501 ,\n",
       "        1.13770288, 2.14713324, 1.01789843, 2.01427645, 2.13778824,\n",
       "        2.60928543, 0.        ]])"
      ]
     },
     "execution_count": 9,
     "metadata": {},
     "output_type": "execute_result"
    }
   ],
   "source": [
    "#CALCULAMOS LAS DISTANCIAS EUCLIDEAS NUEVAMENTE\n",
    "distances = euclidean_distances(X_clustering)\n",
    "distances"
   ]
  },
  {
   "cell_type": "code",
   "execution_count": 10,
   "id": "9d033416",
   "metadata": {},
   "outputs": [
    {
     "name": "stderr",
     "output_type": "stream",
     "text": [
      "c:\\Users\\kemer\\anaconda3\\Lib\\site-packages\\joblib\\externals\\loky\\backend\\context.py:136: UserWarning: Could not find the number of physical cores for the following reason:\n",
      "[WinError 2] The system cannot find the file specified\n",
      "Returning the number of logical cores instead. You can silence this warning by setting LOKY_MAX_CPU_COUNT to the number of cores you want to use.\n",
      "  warnings.warn(\n",
      "  File \"c:\\Users\\kemer\\anaconda3\\Lib\\site-packages\\joblib\\externals\\loky\\backend\\context.py\", line 257, in _count_physical_cores\n",
      "    cpu_info = subprocess.run(\n",
      "               ^^^^^^^^^^^^^^^\n",
      "  File \"c:\\Users\\kemer\\anaconda3\\Lib\\subprocess.py\", line 548, in run\n",
      "    with Popen(*popenargs, **kwargs) as process:\n",
      "         ^^^^^^^^^^^^^^^^^^^^^^^^^^^\n",
      "  File \"c:\\Users\\kemer\\anaconda3\\Lib\\subprocess.py\", line 1026, in __init__\n",
      "    self._execute_child(args, executable, preexec_fn, close_fds,\n",
      "  File \"c:\\Users\\kemer\\anaconda3\\Lib\\subprocess.py\", line 1538, in _execute_child\n",
      "    hp, ht, pid, tid = _winapi.CreateProcess(executable, args,\n",
      "                       ^^^^^^^^^^^^^^^^^^^^^^^^^^^^^^^^^^^^^^^\n",
      "c:\\Users\\kemer\\anaconda3\\Lib\\site-packages\\sklearn\\cluster\\_kmeans.py:1429: UserWarning: KMeans is known to have a memory leak on Windows with MKL, when there are less chunks than available threads. You can avoid it by setting the environment variable OMP_NUM_THREADS=1.\n",
      "  warnings.warn(\n",
      "c:\\Users\\kemer\\anaconda3\\Lib\\site-packages\\sklearn\\cluster\\_kmeans.py:1429: UserWarning: KMeans is known to have a memory leak on Windows with MKL, when there are less chunks than available threads. You can avoid it by setting the environment variable OMP_NUM_THREADS=1.\n",
      "  warnings.warn(\n",
      "c:\\Users\\kemer\\anaconda3\\Lib\\site-packages\\sklearn\\cluster\\_kmeans.py:1429: UserWarning: KMeans is known to have a memory leak on Windows with MKL, when there are less chunks than available threads. You can avoid it by setting the environment variable OMP_NUM_THREADS=1.\n",
      "  warnings.warn(\n",
